acq 0.14457197 1650 146623
alum 0.0030666783 35 3749
barley 0.0032419171 37 3330
bop 0.0065714535 75 12688
carcass 0.004380969 50 6750
castor-oil 8.761938E-5 1 54
cocoa 0.004819066 55 9461
coconut 3.5047752E-4 4 288
coconut-oil 3.5047752E-4 4 961
coffee 0.009725751 111 18046
copper 0.004118111 47 5050
copra-cake 1.7523876E-4 2 368
corn 0.015859108 181 24282
cotton 0.003417156 39 5382
cotton-oil 8.761938E-5 1 55
cpi 0.0060457373 69 8478
cpu 2.6285814E-4 3 262
crude 0.03408394 389 59456
dfl 1.7523876E-4 2 908
dlr 0.011478139 131 16147
dmk 8.761938E-4 10 567
earn 0.25208095 2877 198997
fuel 0.001139052 13 1556
gas 0.0032419171 37 4856
gnp 0.0088495575 101 20349
gold 0.008236222 94 10922
grain 0.03793919 433 54477
groundnut 4.380969E-4 5 842
groundnut-oil 8.761938E-5 1 194
heat 0.0012266714 14 1815
hog 0.0014019101 16 1560
housing 0.0014019101 16 1571
income 7.8857446E-4 9 1359
instal-debt 4.380969E-4 5 441
interest 0.030403925 347 38338
ipi 0.0035923945 41 5826
iron-steel 0.0035047752 40 5684
jet 3.5047752E-4 4 311
jobs 0.0040304917 46 5916
l-cattle 5.257163E-4 6 1249
lead 0.0013142907 15 1635
lei 0.0010514326 12 1007
lin-oil 8.761938E-5 1 180
livestock 0.0065714535 75 9434
lumber 8.761938E-4 10 1406
meal-feed 0.0026285814 30 3715
money-fx 0.047139227 538 68083
money-supply 0.012091475 138 13890
naphtha 1.7523876E-4 2 167
nat-gas 0.0065714535 75 12546
nickel 7.0095505E-4 8 817
nkr 8.761938E-5 1 54
nzdlr 1.7523876E-4 2 688
oat 7.0095505E-4 8 1086
oilseed 0.010864804 124 16948
orange 0.0014019101 16 1518
palladium 1.7523876E-4 2 121
palm-oil 0.0026285814 30 3660
palmkernel 1.7523876E-4 2 383
pet-chem 0.0017523876 20 2408
platinum 4.380969E-4 5 574
potato 2.6285814E-4 3 276
propane 2.6285814E-4 3 498
rand 1.7523876E-4 2 536
rape-oil 4.380969E-4 5 339
rapeseed 0.0015771489 18 1798
reserves 0.004819066 55 6664
retail 0.0020152458 23 3937
rice 0.0030666783 35 4843
rubber 0.0032419171 37 6537
rye 8.761938E-5 1 327
ship 0.017261019 197 23940
silver 0.001840007 21 2551
sorghum 0.0021028651 24 4639
soy-meal 0.001139052 13 2118
soy-oil 0.0012266714 14 2116
soybean 0.006834312 78 12837
strategic-metal 0.0014019101 16 1804
sugar 0.011040042 126 18425
sun-meal 8.761938E-5 1 103
sun-oil 4.380969E-4 5 401
sunseed 9.638132E-4 11 2789
tea 7.8857446E-4 9 2281
tin 0.0015771489 18 3685
trade 0.032331552 369 61744
unknown 0.16034347 1830 186381
veg-oil 0.007622886 87 10616
wheat 0.018575309 212 26585
wpi 0.0016647682 19 2353
yen 0.003942872 45 7232
zinc 0.001840007 21 2282
